314771
19
27
31
44
51
60
63
66
95
119
122
125
126
131
132
142
151
164
177
184
192
211
235
250
270
275
280
281
282
299
303
322
350
358
359
378
386
395
400
403
409
416
426
434
436
464
465
478
483
489
520
544
549
566
579
590
608
619
628
631
649
664
679
686
687
710
745
754
769
775
782
818
821
828
831
834
840
844
853
860
863
873
876
879
882
883
896
912
914
942
952
959
964
965
966
969
972
998
999
1024
1046
1050
1052
1056
1083
1084
1085
1088
1097
1105
1127
1130
1138
1151
1158
1160
1184
1202
1208
1226
1237
1243
1254
1300
1301
1304
1305
1308
1320
1322
1324
1329
1331
1355
1365
1372
1381
1384
1387
1392
1393
1394
1399
1425
1430
1432
1458
1477
1481
1484
1494
1496
1498
1505
1508
1513
1522
1523
1524
1533
1569
1575
1605
1610
1611
1621
1636
1652
1660
1686
1689
1705
1714
1744
1784
1802
1812
1815
1826
1868
1869
1890
1892
1902
1905
1909
1915
1916
1918
1923
1929
1933
1942
1945
1955
2023
2041
2042
2072
2073
2090
2100
2102
2105
2108
2117
2121
2150
2161
2163
2165
2178
2198
2204
2206
2239
2255
2259
2273
2280
2291
2293
2295
2306
2330
2332
2351
2356
2357
2370
2379
2382
2386
2394
2400
2406
2418
2432
2445
2477
2483
2494
2506
2531
2545
2550
2554
2564
2568
2575
2597
2606
2608
2629
2630
2636
2649
2668
2669
2672
2679
2693
2701
2745
2750
2770
2789
2802
2803
2807
2816
2838
2845
2847
2870
2882
2886
2887
2901
2903
2914
2917
2926
2934
2942
2943
2950
2952
2993
2998
3001
3003
3014
3016
3028
3037
3039
3041
3061
3090
3098
3101
3102
3109
3111
3113
3121
3124
3141
3147
3156
3167
3176
3186
3190
3205
3207
3212
3236
3240
3242
3254
3263
3269
3279
3295
3302
3305
3314
3315
3322
3327
3332
3350
3361
3369
3383
3392
3393
3395
3398
3401
3420
3426
3429
3437
3439
3445
3472
3475
3481
3483
3491
3494
3498
3533
3535
3546
3567
3570
3571
3576
3579
3596
3597
3620
3636
3640
3648
3657
3675
3685
3695
3719
3776
3799
3800
3809
3815
3820
3837
3844
3855
3889
3897
3899
3903
3928
3940
3946
3958
3972
3974
3983
3994
3995
3999
4004
4005
4009
4019
4020
4024
4028
4041
4043
4069
4074
4093
4104
4138
4166
4197
4206
4214
4230
4271
4283
4306
4307
4311
4320
4330
4343
4351
4362
4366
4381
4391
4395
4417
4436
4439
4440
4447
4453
4465
4467
4486
4490
4491
4499
4504
4514
4519
4521
4524
4544
4545
4553
4559
4567
4577
4589
4591
4595
4600
4606
4684
4687
4697
4701
4715
4716
4721
4727
4728
4735
4747
4748
4759
4770
4778
4780
4783
4786
4791
4793
4794
4802
4813
4816
4825
4829
4838
4844
4850
4856
4858
4873
4877
4894
4914
4928
4953
4964
4966
4970
4982
4990
4999
5024
5031
5046
5047
5048
5072
5085
5086
5088
5090
5094
5095
5138
5166
5183
5187
5192
5194
5223
5229
5239
5244
5247
5258
5269
5273
5278
5285
5286
5295
5307
5321
5336
5353
5355
5401
5404
5409
5418
5426
5431
5435
5436
5439
5450
5451
5476
5488
5490
5497
5502
5503
5505
5512
5513
5514
5524
5559
5571
5599
5642
5654
5657
5661
5662
5664
5671
5689
5736
5751
5760
5764
5772
5806
5808
5812
5840
5851
5869
5870
5878
5885
5896
5902
5917
5929
5963
5966
5977
5981
5996
6015
6020
6021
6033
6037
6047
6051
6052
6062
6096
6111
6115
6120
6123
6132
6134
6138
6146
6147
6152
6161
6171
6191
6198
6202
6219
6224
6234
6238
6240
6252
6255
6262
6271
6292
6303
6316
6321
6331
6334
6342
6367
6377
6379
6397
6398
6424
6433
6449
6485
6486
6491
6504
6507
6528
6540
6544
6551
6562
6571
6585
6587
6599
6617
6628
6651
6652
6660
6663
6664
6669
6677
6721
6724
6776
6786
6788
6790
6791
6794
6799
6802
6812
6834
6858
6874
6879
6911
6912
6917
6939
6952
6956
6962
6970
6991
6995
6997
6998
7043
7048
7058
7073
7087
7089
7099
7124
7144
7155
7182
7185
7195
7217
7225
7231
7233
7236
7245
7249
7250
7252
7255
7260
7271
7276
7280
7282
7315
7321
7329
7337
7343
7352
7356
7360
7375
7393
7396
7398
7400
7403
7410
7419
7430
7432
7455
7468
7485
7499
7500
7509
7514
7516
7517
7537
7539
7544
7545
7558
7568
7585
7599
7610
7626
7628
7629
7632
7636
7648
7670
7673
7676
7692
7694
7708
7723
7752
7753
7787
7794
7795
7797
7800
7813
7824
7844
7852
7853
7862
7884
7892
7898
7905
7910
7919
7923
7929
7945
7955
7972
7976
8013
8021
8023
8041
8052
8063
8081
8122
8135
8137
8143
8144
8157
8170
8171
8174
8183
8186
8197
8198
8211
8228
8241
8257
8259
8264
8272
8273
8274
8279
8283
8285
8301
8302
8303
8324
8334
8348
8349
8356
8357
8364
8383
8390
8392
8401
8411
8415
8416
8419
8421
8422
8423
8425
8432
8435
8436
8460
8491
8522
8528
8532
8548
8560
8574
8582
8589
8602
8603
8604
8613
8617
8627
8642
8660
8670
8679
8683
8685
8697
8700
8701
8702
8712
8713
8721
8725
8730
8736
8738
8742
8743
8749
8750
8751
8759
8764
8777
8782
8794
8798
8822
8836
8842
8843
8851
8874
8877
8880
8882
8895
8915
8923
8924
8946
8953
8958
8960
8971
8978
9008
9028
9045
9068
9079
9086
9091
9107
9137
9192
9194
9211
9219
9274
9277
9293
9294
9302
9303
9316
9323
9330
9332
9333
9339
9346
9354
9373
9381
9401
9425
9429
9436
9448
9450
9461
9465
9467
9494
9504
9516
9528
9536
9551
9564
9565
9585
9594
9636
9638
9639
9652
9655
9673
9685
9700
9711
9718
9727
9746
9748
9765
9782
9799
9802
9812
9823
9857
9866
9873
9892
9906
9907
9909
9918
9926
9932
9935
9939
9946
9947
9950
9951
9968
9970
9974
9980
