64769
6128
0
3436
0
-7460
0
-6658
0
-3132
-1418
4628
-6030
-7536
-1884
9385
0
0
0
4883
7979
-4477
0
2149
0
0
0
5320
-5143
0
0
7862
-647
0
8240
6302
0
0
0
0
-2904
0
139
0
-2972
0
0
-7171
0
8830
0
9836
-9497
0
2527
7384
-3758
-6368
-393
-4826
7800
0
0
0
-5140
0
0
0
8538
-7458
0
7368
5426
-408
0
-5759
6204
0
0
3666
9066
0
0
0
-12
2162
0
-5115
0
0
0
0
-9192
0
0
0
0
-6434
0
0
1165
2121
0
-3644
0
0
0
-2858
0
0
0
0
826
0
988
703
1952
-5144
9489
0
0
0
-6651
5153
9477
0
0
-847
710
0
9992
4394
-8867
0
5296
2642
0
0
7226
0
0
7698
-9157
8749
-5832
0
-3866
0
1367
0
0
0
0
0
1798
-3013
-1016
0
-919
-9548
-6263
2248
0
4299
0
0
0
-4499
0
0
-7708
0
-7540
0
0
0
4679
-7095
-4304
4799
-8464
0
4208
2564
-3962
0
0
-8390
0
-5857
0
2496
8162
-6218
0
-2872
0
-5367
-211
0
0
-8336
5078
0
2434
-5497
0
0
7360
0
1793
4362
0
0
300
-6737
-9329
-8829
5345
0
-4139
0
-8937
0
0
0
-4576
-45
-3836
0
-6009
4669
-4109
-8037
-4415
-7989
0
0
0
-8647
0
2237
-5794
0
0
-2752
2197
0
0
7282
0
8954
-3325
-8229
4313
0
0
0
0
579
372
0
0
8195
-2220
0
0
0
1223
8857
0
3024
1853
0
-6670
-2445
0
0
0
0
0
-2136
0
0
0
0
0
0
0
0
0
0
1848
9164
3452
0
0
7132
0
0
8323
9782
0
0
2606
0
-3023
866
-2919
8512
6325
0
2565
-9975
-2285
81
0
-98
2704
2491
0
2814
0
-5639
3483
3836
0
0
0
0
-9949
7344
0
0
0
0
0
0
-1960
0
7757
-4410
0
0
9432
0
0
-2936
3987
-3793
0
-4674
0
7748
0
-1449
0
-772
-6911
-4017
0
0
0
0
0
-515
0
0
3026
0
0
0
-2385
0
0
0
698
7416
-904
-6450
-5633
5908
8638
0
0
0
0
1040
9985
0
-1080
0
-8595
0
0
0
-5026
-3753
9668
2106