10001
10003
10005
10011
10013
10015
10017
10019
10021
10023
10025
10027
10029
10031
10033
10035
10041
10043
10045
10047
10049
10051
10053
10055
10057
10059
10063
10065
10071
10073
10075
10077
10081
10083
10085
10087
10089
10095
10097
10101
10105
10107
10109
10113
10115
10117
10119
10121
10123
10125
10127
10129
10131
10135
10137
10143
10145
10147
10149
10153
10155
10157
10161
10165
10167
10171
10173
10175
10179
10183
10185
10187
10189
10191
10195
10197
10199
10201
10203
10205
10207
10209
10213
10215
10217
10219
10221
10225
10227
10229
10231
10233
10235
10237
10239
10241
10245
10249
10251
10255
10257
10261
10263
10265
10269
10275
10277
10279
10281
10283
10285
10287
10291
10293
10295
10297
10299
10305
10307
10309
10311
10315
10317
10319
10323
10325
10327
10329
10335
10339
10341
10345
10347
10349
10351
10353
10355
10359
10361
10363
10365
10367
10371
10373
10375
10377
10379
10381
10383
10385
10387
10389
10393
10395
10397
10401
10403
10405
10407
10409
10411
10413
10415
10417
10419
10421
10423
10425
10431
10435
10437
10439
10441
10443
10445
10447
10449
10451
10455
10461
10465
10467
10469
10471
10473
10475
10479
10481
10483
10485
10489
10491
10493
10495
10497
10503
10505
10507
10509
10511
10515
10517
10519
10521
10523
10525
10527
10533
10535
10537
10539
10541
10543
10545
10547
10549
10551
10553
10555
10557
10561
10563
10565
10569
10571
10573
10575
10577
10579
10581
10583
10585
10587
10591
10593
10595
10599
10603
10605
10609
10611
10615
10617
10619
10621
10623
10625
10629
10633
10635
10637
10641
10643
10645
10647
10649
10653
10655
10659
10661
10665
10669
10671
10673
10675
10677
10679
10681
10683
10685
10689
10693
10695
10697
10699
10701
10703
10705
10707
10713
10715
10717
10719
10721
10725
10727
10731
10735
10737
10741
10743
10745
10747
10749
10751
10755
10757
10759
10761
10763
10765
10767
10769
10773
10775
10777
10779
10783
10785
10787
10791
10793
10795
10797
10801
10803
10805
10807
10809
10811
10813
10815
10817
10819
10821
10823
10825
10827
10829
10833
10835
10839
10841
10843
10845
10849
10851
10855
10857
10863
10865
10869
10871
10873
10875
10877
10879
10881
10885
10887
10893
10895
10897
10899
10901
10905
10907
10911
10913
10915
10917
10919
10921
10923
10925
10927
10929
10931
10933
10935
10941
10943
10945
10947
10951
10953
10955
10959
10961
10963
10965
10967
10969
10971
10975
10977
10981
10983
10985
10989
10991
10995
10997
10999