178
717
342
878
660
909
848
765
823
681
619
616
910
284
814
842
570
478
491
108
29
535
36
421
828
526
962
845
257
383
265
478
686
281
666
34
975
956
394
267
706
797
347
236
860
935
100
199
959
426
815
317
746
966
570
426
643
862
710
98
128
160
542
325
465
172
365
991
975
946
807
834
907
331
729
471
554
676
374
437
261
911
2
440
183
581
564
790
303
820
103
617
472
906
881
674
418
968
482
709
1
256
934
243
521
763
668
794
401
797
426
956
180
712
94
343
742
919
924
721
637
459
784
20
539
597
143
506
84
253
425
538
244
762
981
882
375
37
137
71
806
973
957
134
653
122
33
476
37
705
194
786
594
860
596
575
352
422
733
581
538
487
148
403
582
93
275
871
910
726
261
866
940
419
192
323
467
12
789
529
97
589
640
43
834
629
730
773
126
59
623
580
377
993
444
215
597
569
222
817
532
269
309
199
675
237
26
711
74
525
463
600
888
893
626
444
479
654
91
920
137
733
411
18
138
538
724
234
704
897
761
153
377
45
375
224
242
936
962
242
637
807
706
630
121
383
369
822
191
583
137
674
57
599
448
999
717
68
615
101
879
953
438
620
387
5
957
506
898
407
991
311
228
202
672
948
445
207
768
461
728
247
798
193
954
456
8
52
587
726
285
893
979
93
286
505
687
258
14
440
944
703
532
618
616
144
913
266
903
490
721
523
512
903
872
952
923
562
629
149
816
649
9
905
449
979
366
329
419
215
18
371
576
140
610
812
450
956
781
322
254
822
276
664
346
705
20
41
272
150
425
17
285
995
718
99
984
201
62
444
250
76
349
103
140
971
169
30
615
670
240
790
578
560
380
413
63
186
259
739
445
763
387
974
900
386
592
723
687
383
815
166
332
751
606
354
110
137
195
752
276
154
975
795
237
76
146
248
511
705
428
213
244
279
440
327
135
913
463
457
610
172
930
700
484
809
868
51
799
894
876
368
432
888
381
130
984
621
346
379
934
345
839
644
234
924
862
990
991
382
313
538
962
222
120
580
830
543
130
852
881
528
302
920
117
189
203
801
326
702
519
794
461
99
718
432
14
863
807
899
201
324
286
519
276
484
269
13
903
476
227
880
511
305
317
348
85
219
244
766
294
264
983
900
175
528
311
156
36
823
717
127
26
508
153
272
265
279
410
286
434
906
642
828
778
450
949
244
531
113
755
608
749
321
907
837
564
860
376
793
965
999
373
244
211
271
47
161
884
630
982
383
908
252
981
102
890
460
418
4
218
969
507
514
977
59
363
459
443
545
600
472
193
887
819
30
71
149
436
205
302
20
201
410
942
884
858
16
88
150
509
229
943
708
745
27
43
367
171
762
646
486
549
281
564
95
676
960
24
153
802
570
669
504
412
102
676
269
390
633
939
365
157
926
328
963
956
871
933
107
893
121
424
301
258
444
810
677
277
134
928
83
17
127
258
667
350
485
981
424
822
830
42
127
443
184
325
488
410
986
601
396
362
948
732
726
323
993
288
729
19
423
217
841
101
120
654
505
320
105
19
923
95
102
841
579
404
647
123
920
930
332
620
704
868
33
697
481
917
21
83
278
581
954
675
519
979
549
343
624
411
650
693
747
913
562
413
974
913
645
207
74
682
692
180
563
800
825
923
15
485
453
813
531
882
359
475
469
448
385
65
446
362
986
256
506
607
950
476
680
888
393
478
254
186
458
145
996
747
256
51
747
361
102
502
946
609
705
442
418
552
677
299
354
748
602
190
432
523
862
3
684
36
267
487
173
722
373
574
801
935
392
830
925
60
264
536
599
845
415
287
187
74
168
969
74
799
396
696
277
862
161
636
245
144
721
903
356
569
217
125
391
632
108
526
10
614
461
861
594
129
817
710
434
674
927
647
69
816
598
54
55
423
256
720
981
376
893
850
747
559
171
434
728
614
549
14
898
687
953
116
644
902
295
917
741
166
458
193
640
610
283
820
267
922
555
174
771
970
342
570
80
189
648
200
277
506
847
128
236
984
91
251
562
959
836
589
145
582
153
708
975
499
305
215
782
817
54
248
318
285
808
219
618
900
142
981
709
849
524
10
899
718
952
646
969
451
944
926
514
899
332
337
269
902
925
781
671
338
800
934
929
745
752
804
925
988
749
143
922
970
511
136
602
939
985
810
590
644
609
111
545
87
259
820
203
164
446
851
655
36
524
279
901
586
638
871
120
21
888
389
25
223
636
900
494
490
151
250
466
719
485
729
920
36
783
450
22
16
840